-0.15 -0.15 0
-0.15 -0.144 0
-0.15 -0.138 0
-0.15 -0.132 0
-0.15 -0.126 0
-0.15 -0.12 0
-0.15 -0.114 0
-0.15 -0.108 0
-0.15 -0.102 0
-0.15 -0.096 0
-0.15 -0.09 0
-0.15 -0.084 0
-0.15 -0.078 0
-0.15 -0.072 0
-0.15 -0.066 0
-0.15 -0.06 0
-0.15 -0.054 0
-0.15 -0.048 0
-0.15 -0.042 0
-0.15 -0.036 0
-0.15 -0.03 0
-0.15 -0.024 0
-0.15 -0.018 0
-0.15 -0.012 0
-0.15 -0.006 0
-0.15 0 0
-0.15 0.006 0
-0.15 0.012 0
-0.15 0.018 0
-0.15 0.024 0
-0.15 0.03 0
-0.15 0.036 0
-0.15 0.042 0
-0.15 0.048 0
-0.15 0.054 0
-0.15 0.06 0
-0.15 0.066 0
-0.15 0.072 0
-0.15 0.078 0
-0.15 0.084 0
-0.15 0.09 0
-0.15 0.096 0
-0.15 0.102 0
-0.15 0.108 0
-0.15 0.114 0
-0.15 0.12 0
-0.15 0.126 0
-0.15 0.132 0
-0.15 0.138 0
-0.15 0.144 0
-0.144 -0.15 0
-0.144 -0.144 0
-0.144 -0.138 0
-0.144 -0.132 0
-0.144 -0.126 0
-0.144 -0.12 0
-0.144 -0.114 0
-0.144 -0.108 0
-0.144 -0.102 0
-0.144 -0.096 0
-0.144 -0.09 0
-0.144 -0.084 0
-0.144 -0.078 0
-0.144 -0.072 0
-0.144 -0.066 0
-0.144 -0.06 0
-0.144 -0.054 0
-0.144 -0.048 0
-0.144 -0.042 0.0351229
-0.144 -0.036 0.0351851
-0.144 -0.03 0.0352475
-0.144 -0.024 0.0353099
-0.144 -0.018 0.0353725
-0.144 -0.012 0.0354352
-0.144 -0.006 0.035498
-0.144 0 0.0355609
-0.144 0.006 0.035624
-0.144 0.012 0.0356871
-0.144 0.018 0.0357504
-0.144 0.024 0.0358138
-0.144 0.03 0.0358773
-0.144 0.036 0.0359409
-0.144 0.042 0
-0.144 0.048 0
-0.144 0.054 0
-0.144 0.06 0
-0.144 0.066 0
-0.144 0.072 0
-0.144 0.078 0
-0.144 0.084 0
-0.144 0.09 0
-0.144 0.096 0
-0.144 0.102 0
-0.144 0.108 0
-0.144 0.114 0
-0.144 0.12 0
-0.144 0.126 0
-0.144 0.132 0
-0.144 0.138 0
-0.144 0.144 0
-0.138 -0.15 0
-0.138 -0.144 0
-0.138 -0.138 0
-0.138 -0.132 0
-0.138 -0.126 0
-0.138 -0.12 0
-0.138 -0.114 0
-0.138 -0.108 0
-0.138 -0.102 0
-0.138 -0.096 0
-0.138 -0.09 0
-0.138 -0.084 0
-0.138 -0.078 0
-0.138 -0.072 0
-0.138 -0.066 0
-0.138 -0.06 0
-0.138 -0.054 0.0350286
-0.138 -0.048 0.0350906
-0.138 -0.042 0.0351527
-0.138 -0.036 0.0352149
-0.138 -0.03 0.0352773
-0.138 -0.024 0.0353398
-0.138 -0.018 0.0354024
-0.138 -0.012 0.0354652
-0.138 -0.006 0.035528
-0.138 0 0.035591
-0.138 0.006 0.0356541
-0.138 0.012 0.0357173
-0.138 0.018 0.0357806
-0.138 0.024 0.0358441
-0.138 0.03 0.0359076
-0.138 0.036 0.0359713
-0.138 0.042 0.036035
-0.138 0.048 0.0360989
-0.138 0.054 0.0361628
-0.138 0.06 0
-0.138 0.066 0
-0.138 0.072 0
-0.138 0.078 0
-0.138 0.084 0
-0.138 0.09 0
-0.138 0.096 0
-0.138 0.102 0
-0.138 0.108 0
-0.138 0.114 0
-0.138 0.12 0
-0.138 0.126 0
-0.138 0.132 0
-0.138 0.138 0
-0.138 0.144 0
-0.132 -0.15 0
-0.132 -0.144 0
-0.132 -0.138 0
-0.132 -0.132 0
-0.132 -0.126 0
-0.132 -0.12 0
-0.132 -0.114 0
-0.132 -0.108 0
-0.132 -0.102 0
-0.132 -0.096 0
-0.132 -0.09 0
-0.132 -0.084 0
-0.132 -0.078 0
-0.132 -0.072 0
-0.132 -0.066 0.0349333
-0.132 -0.06 0.034995
-0.132 -0.054 0.035057
-0.132 -0.048 0.035119
-0.132 -0.042 0.0351812
-0.132 -0.036 0.0352435
-0.132 -0.03 0.0353059
-0.132 -0.024 0.0353684
-0.132 -0.018 0.0354311
-0.132 -0.012 0.0354939
-0.132 -0.006 0.0355568
-0.132 0 0.0356199
-0.132 0.006 0.035683
-0.132 0.012 0.0357463
-0.132 0.018 0.0358096
-0.132 0.024 0.0358731
-0.132 0.03 0.0359367
-0.132 0.036 0.0360004
-0.132 0.042 0.0360642
-0.132 0.048 0.0361281
-0.132 0.054 0.0361921
-0.132 0.06 0.0362562
-0.132 0.066 0.0363204
-0.132 0.072 0
-0.132 0.078 0
-0.132 0.084 0
-0.132 0.09 0
-0.132 0.096 0
-0.132 0.102 0
-0.132 0.108 0
-0.132 0.114 0
-0.132 0.12 0
-0.132 0.126 0
-0.132 0.132 0
-0.132 0.138 0
-0.132 0.144 0
-0.126 -0.15 0
-0.126 -0.144 0
-0.126 -0.138 0
-0.126 -0.132 0
-0.126 -0.126 0
-0.126 -0.12 0
-0.126 -0.114 0
-0.126 -0.108 0
-0.126 -0.102 0
-0.126 -0.096 0
-0.126 -0.09 0
-0.126 -0.084 0
-0.126 -0.078 0.0348371
-0.126 -0.072 0.0348986
-0.126 -0.066 0.0349603
-0.126 -0.06 0.0350221
-0.126 -0.054 0.0350841
-0.126 -0.048 0.0351462
-0.126 -0.042 0.0352084
-0.126 -0.036 0.0352707
-0.126 -0.03 0.0353332
-0.126 -0.024 0.0353958
-0.126 -0.018 0.0354585
-0.126 -0.012 0.0355214
-0.126 -0.006 0.0355843
-0.126 0 0.0356474
-0.126 0.006 0.0357106
-0.126 0.012 0.0357739
-0.126 0.018 0.0358374
-0.126 0.024 0.0359009
-0.126 0.03 0.0359646
-0.126 0.036 0.0360283
-0.126 0.042 0.0360922
-0.126 0.048 0.0361561
-0.126 0.054 0.0362202
-0.126 0.06 0.0362843
-0.126 0.066 0.0363486
-0.126 0.072 0.0364129
-0.126 0.078 0.0364773
-0.126 0.084 0
-0.126 0.09 0
-0.126 0.096 0
-0.126 0.102 0
-0.126 0.108 0
-0.126 0.114 0
-0.126 0.12 0
-0.126 0.126 0
-0.126 0.132 0
-0.126 0.138 0
-0.126 0.144 0
-0.12 -0.15 0
-0.12 -0.144 0
-0.12 -0.138 0
-0.12 -0.132 0
-0.12 -0.126 0
-0.12 -0.12 0
-0.12 -0.114 0
-0.12 -0.108 0
-0.12 -0.102 0
-0.12 -0.096 0
-0.12 -0.09 0
-0.12 -0.084 0.0348014
-0.12 -0.078 0.0348628
-0.12 -0.072 0.0349244
-0.12 -0.066 0.0349861
-0.12 -0.06 0.035048
-0.12 -0.054 0.03511
-0.12 -0.048 0.0351721
-0.12 -0.042 0.0352344
-0.12 -0.036 0.0352968
-0.12 -0.03 0.0353593
-0.12 -0.024 0.0354219
-0.12 -0.018 0.0354847
-0.12 -0.012 0.0355476
-0.12 -0.006 0.0356106
-0.12 0 0.0356737
-0.12 0.006 0.035737
-0.12 0.012 0.0358004
-0.12 0.018 0.0358638
-0.12 0.024 0.0359274
-0.12 0.03 0.0359911
-0.12 0.036 0.0360549
-0.12 0.042 0.0361188
-0.12 0.048 0.0361828
-0.12 0.054 0.0362469
-0.12 0.06 0.0363111
-0.12 0.066 0.0363754
-0.12 0.072 0.0364398
-0.12 0.078 0.0365043
-0.12 0.084 0.0365688
-0.12 0.09 0
-0.12 0.096 0
-0.12 0.102 0
-0.12 0.108 0
-0.12 0.114 0
-0.12 0.12 0
-0.12 0.126 0
-0.12 0.132 0
-0.12 0.138 0
-0.12 0.144 0
-0.114 -0.15 0
-0.114 -0.144 0
-0.114 -0.138 0
-0.114 -0.132 0
-0.114 -0.126 0
-0.114 -0.12 0
-0.114 -0.114 0
-0.114 -0.108 0
-0.114 -0.102 0
-0.114 -0.096 0.0347033
-0.114 -0.09 0.0347645
-0.114 -0.084 0.0348258
-0.114 -0.078 0.0348873
-0.114 -0.072 0.0349489
-0.114 -0.066 0.0350107
-0.114 -0.06 0.0350726
-0.114 -0.054 0.0351347
-0.114 -0.048 0.0351968
-0.114 -0.042 0.0352591
-0.114 -0.036 0.0353216
-0.114 -0.03 0.0353841
-0.114 -0.024 0.0354468
-0.114 -0.018 0.0355096
-0.114 -0.012 0.0355726
-0.114 -0.006 0.0356356
-0.114 0 0.0356988
-0.114 0.006 0.0357621
-0.114 0.012 0.0358255
-0.114 0.018 0.035889
-0.114 0.024 0.0359526
-0.114 0.03 0.0360164
-0.114 0.036 0.0360802
-0.114 0.042 0.0361442
-0.114 0.048 0.0362082
-0.114 0.054 0.0362724
-0.114 0.06 0.0363366
-0.114 0.066 0.0364009
-0.114 0.072 0.0364654
-0.114 0.078 0.0365299
-0.114 0.084 0.0365945
-0.114 0.09 0.0366592
-0.114 0.096 0.036724
-0.114 0.102 0
-0.114 0.108 0
-0.114 0.114 0
-0.114 0.12 0
-0.114 0.126 0
-0.114 0.132 0
-0.114 0.138 0
-0.114 0.144 0
-0.108 -0.15 0
-0.108 -0.144 0
-0.108 -0.138 0
-0.108 -0.132 0
-0.108 -0.126 0
-0.108 -0.12 0
-0.108 -0.114 0
-0.108 -0.108 0
-0.108 -0.102 0.0346653
-0.108 -0.096 0.0347264
-0.108 -0.09 0.0347876
-0.108 -0.084 0.034849
-0.108 -0.078 0.0349105
-0.108 -0.072 0.0349722
-0.108 -0.066 0.035034
-0.108 -0.06 0.035096
-0.108 -0.054 0.0351581
-0.108 -0.048 0.0352203
-0.108 -0.042 0.0352826
-0.108 -0.036 0.0353451
-0.108 -0.03 0.0354077
-0.108 -0.024 0.0354704
-0.108 -0.018 0.0355333
-0.108 -0.012 0.0355963
-0.108 -0.006 0.0356594
-0.108 0 0.0357226
-0.108 0.006 0.0357859
-0.108 0.012 0.0358494
-0.108 0.018 0.0359129
-0.108 0.024 0.0359766
-0.108 0.03 0.0360404
-0.108 0.036 0.0361043
-0.108 0.042 0.0361682
-0.108 0.048 0.0362323
-0.108 0.054 0.0362965
-0.108 0.06 0.0363608
-0.108 0.066 0.0364252
-0.108 0.072 0.0364897
-0.108 0.078 0.0365542
-0.108 0.084 0.0366189
-0.108 0.09 0.0366836
-0.108 0.096 0.0367484
-0.108 0.102 0.0368133
-0.108 0.108 0
-0.108 0.114 0
-0.108 0.12 0
-0.108 0.126 0
-0.108 0.132 0
-0.108 0.138 0
-0.108 0.144 0
-0.102 -0.15 0
-0.102 -0.144 0
-0.102 -0.138 0
-0.102 -0.132 0
-0.102 -0.126 0
-0.102 -0.12 0
-0.102 -0.114 0
-0.102 -0.108 0.0346261
-0.102 -0.102 0.0346871
-0.102 -0.096 0.0347483
-0.102 -0.09 0.0348095
-0.102 -0.084 0.034871
-0.102 -0.078 0.0349325
-0.102 -0.072 0.0349943
-0.102 -0.066 0.0350561
-0.102 -0.06 0.0351181
-0.102 -0.054 0.0351802
-0.102 -0.048 0.0352425
-0.102 -0.042 0.0353049
-0.102 -0.036 0.0353674
-0.102 -0.03 0.03543
-0.102 -0.024 0.0354928
-0.102 -0.018 0.0355557
-0.102 -0.012 0.0356187
-0.102 -0.006 0.0356818
-0.102 0 0.0357451
-0.102 0.006 0.0358085
-0.102 0.012 0.035872
-0.102 0.018 0.0359356
-0.102 0.024 0.0359993
-0.102 0.03 0.0360631
-0.102 0.036 0.036127
-0.102 0.042 0.036191
-0.102 0.048 0.0362552
-0.102 0.054 0.0363194
-0.102 0.06 0.0363837
-0.102 0.066 0.0364481
-0.102 0.072 0.0365127
-0.102 0.078 0.0365773
-0.102 0.084 0.036642
-0.102 0.09 0.0367067
-0.102 0.096 0.0367716
-0.102 0.102 0.0368365
-0.102 0.108 0.0369015
-0.102 0.114 0
-0.102 0.12 0
-0.102 0.126 0
-0.102 0.132 0
-0.102 0.138 0
-0.102 0.144 0
-0.096 -0.15 0
-0.096 -0.144 0
-0.096 -0.138 0
-0.096 -0.132 0
-0.096 -0.126 0
-0.096 -0.12 0
-0.096 -0.114 0.0345858
-0.096 -0.108 0.0346467
-0.096 -0.102 0.0347077
-0.096 -0.096 0.0347689
-0.096 -0.09 0.0348302
-0.096 -0.084 0.0348917
-0.096 -0.078 0.0349533
-0.096 -0.072 0.0350151
-0.096 -0.066 0.0350769
-0.096 -0.06 0.035139
-0.096 -0.054 0.0352011
-0.096 -0.048 0.0352634
-0.096 -0.042 0.0353258
-0.096 -0.036 0.0353884
-0.096 -0.03 0.0354511
-0.096 -0.024 0.0355139
-0.096 -0.018 0.0355768
-0.096 -0.012 0.0356399
-0.096 -0.006 0.035703
-0.096 0 0.0357663
-0.096 0.006 0.0358297
-0.096 0.012 0.0358933
-0.096 0.018 0.0359569
-0.096 0.024 0.0360207
-0.096 0.03 0.0360845
-0.096 0.036 0.0361485
-0.096 0.042 0.0362125
-0.096 0.048 0.0362767
-0.096 0.054 0.036341
-0.096 0.06 0.0364053
-0.096 0.066 0.0364698
-0.096 0.072 0.0365344
-0.096 0.078 0.036599
-0.096 0.084 0.0366637
-0.096 0.09 0.0367285
-0.096 0.096 0.0367934
-0.096 0.102 0.0368584
-0.096 0.108 0.0369235
-0.096 0.114 0.0369886
-0.096 0.12 0
-0.096 0.126 0
-0.096 0.132 0
-0.096 0.138 0
-0.096 0.144 0
-0.09 -0.15 0
-0.09 -0.144 0
-0.09 -0.138 0
-0.09 -0.132 0
-0.09 -0.126 0
-0.09 -0.12 0
-0.09 -0.114 0.0346051
-0.09 -0.108 0.034666
-0.09 -0.102 0.0347271
-0.09 -0.096 0.0347883
-0.09 -0.09 0.0348497
-0.09 -0.084 0.0349112
-0.09 -0.078 0.0349728
-0.09 -0.072 0.0350346
-0.09 -0.066 0.0350965
-0.09 -0.06 0.0351586
-0.09 -0.054 0.0352208
-0.09 -0.048 0.0352831
-0.09 -0.042 0.0353456
-0.09 -0.036 0.0354081
-0.09 -0.03 0.0354709
-0.09 -0.024 0.0355337
-0.09 -0.018 0.0355967
-0.09 -0.012 0.0356598
-0.09 -0.006 0.035723
-0.09 0 0.0357863
-0.09 0.006 0.0358497
-0.09 0.012 0.0359133
-0.09 0.018 0.035977
-0.09 0.024 0.0360408
-0.09 0.03 0.0361047
-0.09 0.036 0.0361687
-0.09 0.042 0.0362328
-0.09 0.048 0.036297
-0.09 0.054 0.0363613
-0.09 0.06 0.0364257
-0.09 0.066 0.0364902
-0.09 0.072 0.0365547
-0.09 0.078 0.0366194
-0.09 0.084 0.0366842
-0.09 0.09 0.036749
-0.09 0.096 0.036814
-0.09 0.102 0.036879
-0.09 0.108 0.0369441
-0.09 0.114 0.0370092
-0.09 0.12 0
-0.09 0.126 0
-0.09 0.132 0
-0.09 0.138 0
-0.09 0.144 0
-0.084 -0.15 0
-0.084 -0.144 0
-0.084 -0.138 0
-0.084 -0.132 0
-0.084 -0.126 0
-0.084 -0.12 0.0345624
-0.084 -0.114 0.0346232
-0.084 -0.108 0.0346841
-0.084 -0.102 0.0347452
-0.084 -0.096 0.0348065
-0.084 -0.09 0.0348679
-0.084 -0.084 0.0349294
-0.084 -0.078 0.0349911
-0.084 -0.072 0.0350529
-0.084 -0.066 0.0351148
-0.084 -0.06 0.0351769
-0.084 -0.054 0.0352392
-0.084 -0.048 0.0353015
-0.084 -0.042 0.035364
-0.084 -0.036 0.0354266
-0.084 -0.03 0.0354894
-0.084 -0.024 0.0355523
-0.084 -0.018 0.0356153
-0.084 -0.012 0.0356784
-0.084 -0.006 0.0357416
-0.084 0 0.035805
-0.084 0.006 0.0358685
-0.084 0.012 0.0359321
-0.084 0.018 0.0359958
-0.084 0.024 0.0360596
-0.084 0.03 0.0361235
-0.084 0.036 0.0361875
-0.084 0.042 0.0362517
-0.084 0.048 0.0363159
-0.084 0.054 0.0363802
-0.084 0.06 0.0364447
-0.084 0.066 0.0365092
-0.084 0.072 0.0365738
-0.084 0.078 0.0366385
-0.084 0.084 0.0367033
-0.084 0.09 0.0367682
-0.084 0.096 0.0368332
-0.084 0.102 0.0368982
-0.084 0.108 0.0369634
-0.084 0.114 0.0370286
-0.084 0.12 0.0370938
-0.084 0.126 0
-0.084 0.132 0
-0.084 0.138 0
-0.084 0.144 0
-0.078 -0.15 0
-0.078 -0.144 0
-0.078 -0.138 0
-0.078 -0.132 0
-0.078 -0.126 0.0345185
-0.078 -0.12 0.0345792
-0.078 -0.114 0.03464
-0.078 -0.108 0.034701
-0.078 -0.102 0.0347621
-0.078 -0.096 0.0348234
-0.078 -0.09 0.0348848
-0.078 -0.084 0.0349464
-0.078 -0.078 0.0350081
-0.078 -0.072 0.0350699
-0.078 -0.066 0.0351319
-0.078 -0.06 0.035194
-0.078 -0.054 0.0352563
-0.078 -0.048 0.0353187
-0.078 -0.042 0.0353812
-0.078 -0.036 0.0354439
-0.078 -0.03 0.0355066
-0.078 -0.024 0.0355695
-0.078 -0.018 0.0356326
-0.078 -0.012 0.0356957
-0.078 -0.006 0.035759
-0.078 0 0.0358224
-0.078 0.006 0.0358859
-0.078 0.012 0.0359495
-0.078 0.018 0.0360133
-0.078 0.024 0.0360771
-0.078 0.03 0.0361411
-0.078 0.036 0.0362051
-0.078 0.042 0.0362693
-0.078 0.048 0.0363336
-0.078 0.054 0.0363979
-0.078 0.06 0.0364624
-0.078 0.066 0.036527
-0.078 0.072 0.0365916
-0.078 0.078 0.0366564
-0.078 0.084 0.0367212
-0.078 0.09 0.0367861
-0.078 0.096 0.0368511
-0.078 0.102 0.0369162
-0.078 0.108 0.0369813
-0.078 0.114 0.0370466
-0.078 0.12 0.0371119
-0.078 0.126 0.0371772
-0.078 0.132 0
-0.078 0.138 0
-0.078 0.144 0
-0.072 -0.15 0
-0.072 -0.144 0
-0.072 -0.138 0
-0.072 -0.132 0
-0.072 -0.126 0.034534
-0.072 -0.12 0.0345947
-0.072 -0.114 0.0346556
-0.072 -0.108 0.0347166
-0.072 -0.102 0.0347778
-0.072 -0.096 0.0348391
-0.072 -0.09 0.0349005
-0.072 -0.084 0.0349621
-0.072 -0.078 0.0350238
-0.072 -0.072 0.0350857
-0.072 -0.066 0.0351477
-0.072 -0.06 0.0352099
-0.072 -0.054 0.0352722
-0.072 -0.048 0.0353346
-0.072 -0.042 0.0353971
-0.072 -0.036 0.0354598
-0.072 -0.03 0.0355226
-0.072 -0.024 0.0355855
-0.072 -0.018 0.0356486
-0.072 -0.012 0.0357118
-0.072 -0.006 0.0357751
-0.072 0 0.0358385
-0.072 0.006 0.0359021
-0.072 0.012 0.0359657
-0.072 0.018 0.0360295
-0.072 0.024 0.0360933
-0.072 0.03 0.0361573
-0.072 0.036 0.0362214
-0.072 0.042 0.0362856
-0.072 0.048 0.0363499
-0.072 0.054 0.0364143
-0.072 0.06 0.0364788
-0.072 0.066 0.0365434
-0.072 0.072 0.0366081
-0.072 0.078 0.0366729
-0.072 0.084 0.0367377
-0.072 0.09 0.0368027
-0.072 0.096 0.0368677
-0.072 0.102 0.0369328
-0.072 0.108 0.036998
-0.072 0.114 0.0370632
-0.072 0.12 0.0371286
-0.072 0.126 0.037194
-0.072 0.132 0
-0.072 0.138 0
-0.072 0.144 0
-0.066 -0.15 0
-0.066 -0.144 0
-0.066 -0.138 0
-0.066 -0.132 0.0344878
-0.066 -0.126 0.0345483
-0.066 -0.12 0.0346091
-0.066 -0.114 0.03467
-0.066 -0.108 0.034731
-0.066 -0.102 0.0347922
-0.066 -0.096 0.0348535
-0.066 -0.09 0.034915
-0.066 -0.084 0.0349766
-0.066 -0.078 0.0350383
-0.066 -0.072 0.0351002
-0.066 -0.066 0.0351623
-0.066 -0.06 0.0352245
-0.066 -0.054 0.0352868
-0.066 -0.048 0.0353492
-0.066 -0.042 0.0354118
-0.066 -0.036 0.0354745
-0.066 -0.03 0.0355373
-0.066 -0.024 0.0356003
-0.066 -0.018 0.0356634
-0.066 -0.012 0.0357266
-0.066 -0.006 0.0357899
-0.066 0 0.0358534
-0.066 0.006 0.0359169
-0.066 0.012 0.0359806
-0.066 0.018 0.0360444
-0.066 0.024 0.0361083
-0.066 0.03 0.0361723
-0.066 0.036 0.0362364
-0.066 0.042 0.0363006
-0.066 0.048 0.036365
-0.066 0.054 0.0364294
-0.066 0.06 0.0364939
-0.066 0.066 0.0365585
-0.066 0.072 0.0366232
-0.066 0.078 0.036688
-0.066 0.084 0.0367529
-0.066 0.09 0.0368179
-0.066 0.096 0.0368829
-0.066 0.102 0.0369481
-0.066 0.108 0.0370133
-0.066 0.114 0.0370786
-0.066 0.12 0.0371439
-0.066 0.126 0.0372094
-0.066 0.132 0.0372749
-0.066 0.138 0
-0.066 0.144 0
-0.06 -0.15 0
-0.06 -0.144 0
-0.06 -0.138 0
-0.06 -0.132 0.0345008
-0.06 -0.126 0.0345614
-0.06 -0.12 0.0346222
-0.06 -0.114 0.0346831
-0.06 -0.108 0.0347441
-0.06 -0.102 0.0348053
-0.06 -0.096 0.0348667
-0.06 -0.09 0.0349282
-0.06 -0.084 0.0349898
-0.06 -0.078 0.0350516
-0.06 -0.072 0.0351135
-0.06 -0.066 0.0351756
-0.06 -0.06 0.0352378
-0.06 -0.054 0.0353001
-0.06 -0.048 0.0353626
-0.06 -0.042 0.0354252
-0.06 -0.036 0.0354879
-0.06 -0.03 0.0355508
-0.06 -0.024 0.0356137
-0.06 -0.018 0.0356769
-0.06 -0.012 0.0357401
-0.06 -0.006 0.0358034
-0.06 0 0.0358669
-0.06 0.006 0.0359305
-0.06 0.012 0.0359942
-0.06 0.018 0.036058
-0.06 0.024 0.0361219
-0.06 0.03 0.036186
-0.06 0.036 0.0362501
-0.06 0.042 0.0363144
-0.06 0.048 0.0363787
-0.06 0.054 0.0364432
-0.06 0.06 0.0365077
-0.06 0.066 0.0365724
-0.06 0.072 0.0366371
-0.06 0.078 0.0367019
-0.06 0.084 0.0367668
-0.06 0.09 0.0368318
-0.06 0.096 0.0368969
-0.06 0.102 0.0369621
-0.06 0.108 0.0370273
-0.06 0.114 0.0370926
-0.06 0.12 0.037158
-0.06 0.126 0.0372234
-0.06 0.132 0.037289
-0.06 0.138 0
-0.06 0.144 0
-0.054 -0.15 0
-0.054 -0.144 0
-0.054 -0.138 0.0344521
-0.054 -0.132 0.0345126
-0.054 -0.126 0.0345732
-0.054 -0.12 0.034634
-0.054 -0.114 0.0346949
-0.054 -0.108 0.034756
-0.054 -0.102 0.0348172
-0.054 -0.096 0.0348786
-0.054 -0.09 0.0349401
-0.054 -0.084 0.0350018
-0.054 -0.078 0.0350636
-0.054 -0.072 0.0351255
-0.054 -0.066 0.0351876
-0.054 -0.06 0.0352498
-0.054 -0.054 0.0353122
-0.054 -0.048 0.0353747
-0.054 -0.042 0.0354373
-0.054 -0.036 0.0355
-0.054 -0.03 0.0355629
-0.054 -0.024 0.0356259
-0.054 -0.018 0.0356891
-0.054 -0.012 0.0357523
-0.054 -0.006 0.0358157
-0.054 0 0.0358792
-0.054 0.006 0.0359428
-0.054 0.012 0.0360065
-0.054 0.018 0.0360704
-0.054 0.024 0.0361343
-0.054 0.03 0.0361984
-0.054 0.036 0.0362625
-0.054 0.042 0.0363268
-0.054 0.048 0.0363912
-0.054 0.054 0.0364556
-0.054 0.06 0.0365202
-0.054 0.066 0.0365849
-0.054 0.072 0.0366496
-0.054 0.078 0.0367145
-0.054 0.084 0.0367794
-0.054 0.09 0.0368444
-0.054 0.096 0.0369095
-0.054 0.102 0.0369747
-0.054 0.108 0.03704
-0.054 0.114 0.0371053
-0.054 0.12 0.0371707
-0.054 0.126 0.0372362
-0.054 0.132 0.0373017
-0.054 0.138 0.0373673
-0.054 0.144 0
-0.048 -0.15 0
-0.048 -0.144 0
-0.048 -0.138 0.0344627
-0.048 -0.132 0.0345232
-0.048 -0.126 0.0345838
-0.048 -0.12 0.0346446
-0.048 -0.114 0.0347055
-0.048 -0.108 0.0347666
-0.048 -0.102 0.0348279
-0.048 -0.096 0.0348893
-0.048 -0.09 0.0349508
-0.048 -0.084 0.0350125
-0.048 -0.078 0.0350743
-0.048 -0.072 0.0351363
-0.048 -0.066 0.0351984
-0.048 -0.06 0.0352606
-0.048 -0.054 0.035323
-0.048 -0.048 0.0353855
-0.048 -0.042 0.0354481
-0.048 -0.036 0.0355109
-0.048 -0.03 0.0355738
-0.048 -0.024 0.0356368
-0.048 -0.018 0.0357
-0.048 -0.012 0.0357632
-0.048 -0.006 0.0358266
-0.048 0 0.0358902
-0.048 0.006 0.0359538
-0.048 0.012 0.0360175
-0.048 0.018 0.0360814
-0.048 0.024 0.0361454
-0.048 0.03 0.0362094
-0.048 0.036 0.0362736
-0.048 0.042 0.0363379
-0.048 0.048 0.0364023
-0.048 0.054 0.0364668
-0.048 0.06 0.0365314
-0.048 0.066 0.0365961
-0.048 0.072 0.0366608
-0.048 0.078 0.0367257
-0.048 0.084 0.0367907
-0.048 0.09 0.0368557
-0.048 0.096 0.0369208
-0.048 0.102 0.036986
-0.048 0.108 0.0370513
-0.048 0.114 0.0371166
-0.048 0.12 0.0371821
-0.048 0.126 0.0372476
-0.048 0.132 0.0373131
-0.048 0.138 0.0373787
-0.048 0.144 0
-0.042 -0.15 0
-0.042 -0.144 0.0344116
-0.042 -0.138 0.034472
-0.042 -0.132 0.0345325
-0.042 -0.126 0.0345931
-0.042 -0.12 0.034654
-0.042 -0.114 0.0347149
-0.042 -0.108 0.034776
-0.042 -0.102 0.0348373
-0.042 -0.096 0.0348987
-0.042 -0.09 0.0349602
-0.042 -0.084 0.0350219
-0.042 -0.078 0.0350838
-0.042 -0.072 0.0351458
-0.042 -0.066 0.0352079
-0.042 -0.06 0.0352701
-0.042 -0.054 0.0353325
-0.042 -0.048 0.035395
-0.042 -0.042 0.0354577
-0.042 -0.036 0.0355205
-0.042 -0.03 0.0355834
-0.042 -0.024 0.0356464
-0.042 -0.018 0.0357096
-0.042 -0.012 0.0357729
-0.042 -0.006 0.0358363
-0.042 0 0.0358998
-0.042 0.006 0.0359635
-0.042 0.012 0.0360273
-0.042 0.018 0.0360911
-0.042 0.024 0.0361551
-0.042 0.03 0.0362192
-0.042 0.036 0.0362834
-0.042 0.042 0.0363477
-0.042 0.048 0.0364121
-0.042 0.054 0.0364766
-0.042 0.06 0.0365412
-0.042 0.066 0.0366059
-0.042 0.072 0.0366707
-0.042 0.078 0.0367356
-0.042 0.084 0.0368006
-0.042 0.09 0.0368656
-0.042 0.096 0.0369308
-0.042 0.102 0.036996
-0.042 0.108 0.0370613
-0.042 0.114 0.0371267
-0.042 0.12 0.0371921
-0.042 0.126 0.0372576
-0.042 0.132 0.0373232
-0.042 0.138 0.0373888
-0.042 0.144 0.0374545
-0.036 -0.15 0
-0.036 -0.144 0.0344197
-0.036 -0.138 0.03448
-0.036 -0.132 0.0345406
-0.036 -0.126 0.0346012
-0.036 -0.12 0.0346621
-0.036 -0.114 0.034723
-0.036 -0.108 0.0347842
-0.036 -0.102 0.0348454
-0.036 -0.096 0.0349069
-0.036 -0.09 0.0349684
-0.036 -0.084 0.0350301
-0.036 -0.078 0.035092
-0.036 -0.072 0.035154
-0.036 -0.066 0.0352161
-0.036 -0.06 0.0352784
-0.036 -0.054 0.0353408
-0.036 -0.048 0.0354033
-0.036 -0.042 0.035466
-0.036 -0.036 0.0355288
-0.036 -0.03 0.0355917
-0.036 -0.024 0.0356548
-0.036 -0.018 0.035718
-0.036 -0.012 0.0357813
-0.036 -0.006 0.0358447
-0.036 0 0.0359083
-0.036 0.006 0.0359719
-0.036 0.012 0.0360357
-0.036 0.018 0.0360996
-0.036 0.024 0.0361636
-0.036 0.03 0.0362277
-0.036 0.036 0.0362919
-0.036 0.042 0.0363562
-0.036 0.048 0.0364207
-0.036 0.054 0.0364852
-0.036 0.06 0.0365498
-0.036 0.066 0.0366145
-0.036 0.072 0.0366793
-0.036 0.078 0.0367442
-0.036 0.084 0.0368092
-0.036 0.09 0.0368743
-0.036 0.096 0.0369394
-0.036 0.102 0.0370047
-0.036 0.108 0.03707
-0.036 0.114 0.0371354
-0.036 0.12 0.0372008
-0.036 0.126 0.0372663
-0.036 0.132 0.0373319
-0.036 0.138 0.0373976
-0.036 0.144 0.0374633
-0.03 -0.15 0
-0.03 -0.144 0.0344265
-0.03 -0.138 0.0344869
-0.03 -0.132 0.0345474
-0.03 -0.126 0.0346081
-0.03 -0.12 0.0346689
-0.03 -0.114 0.0347299
-0.03 -0.108 0.0347911
-0.03 -0.102 0.0348523
-0.03 -0.096 0.0349138
-0.03 -0.09 0.0349754
-0.03 -0.084 0.0350371
-0.03 -0.078 0.0350989
-0.03 -0.072 0.0351609
-0.03 -0.066 0.0352231
-0.03 -0.06 0.0352854
-0.03 -0.054 0.0353478
-0.03 -0.048 0.0354103
-0.03 -0.042 0.035473
-0.03 -0.036 0.0355358
-0.03 -0.03 0.0355988
-0.03 -0.024 0.0356619
-0.03 -0.018 0.035725
-0.03 -0.012 0.0357884
-0.03 -0.006 0.0358518
-0.03 0 0.0359154
-0.03 0.006 0.035979
-0.03 0.012 0.0360428
-0.03 0.018 0.0361067
-0.03 0.024 0.0361707
-0.03 0.03 0.0362349
-0.03 0.036 0.0362991
-0.03 0.042 0.0363634
-0.03 0.048 0.0364279
-0.03 0.054 0.0364924
-0.03 0.06 0.036557
-0.03 0.066 0.0366218
-0.03 0.072 0.0366866
-0.03 0.078 0.0367515
-0.03 0.084 0.0368165
-0.03 0.09 0.0368816
-0.03 0.096 0.0369467
-0.03 0.102 0.037012
-0.03 0.108 0.0370773
-0.03 0.114 0.0371427
-0.03 0.12 0.0372082
-0.03 0.126 0.0372737
-0.03 0.132 0.0373393
-0.03 0.138 0.037405
-0.03 0.144 0.0374707
-0.024 -0.15 0
-0.024 -0.144 0.0344321
-0.024 -0.138 0.0344925
-0.024 -0.132 0.034553
-0.024 -0.126 0.0346137
-0.024 -0.12 0.0346745
-0.024 -0.114 0.0347355
-0.024 -0.108 0.0347967
-0.024 -0.102 0.034858
-0.024 -0.096 0.0349194
-0.024 -0.09 0.034981
-0.024 -0.084 0.0350428
-0.024 -0.078 0.0351046
-0.024 -0.072 0.0351666
-0.024 -0.066 0.0352288
-0.024 -0.06 0.0352911
-0.024 -0.054 0.0353535
-0.024 -0.048 0.0354161
-0.024 -0.042 0.0354788
-0.024 -0.036 0.0355416
-0.024 -0.03 0.0356046
-0.024 -0.024 0.0356676
-0.024 -0.018 0.0357308
-0.024 -0.012 0.0357942
-0.024 -0.006 0.0358576
-0.024 0 0.0359212
-0.024 0.006 0.0359849
-0.024 0.012 0.0360487
-0.024 0.018 0.0361126
-0.024 0.024 0.0361766
-0.024 0.03 0.0362407
-0.024 0.036 0.036305
-0.024 0.042 0.0363693
-0.024 0.048 0.0364338
-0.024 0.054 0.0364983
-0.024 0.06 0.036563
-0.024 0.066 0.0366277
-0.024 0.072 0.0366925
-0.024 0.078 0.0367574
-0.024 0.084 0.0368225
-0.024 0.09 0.0368875
-0.024 0.096 0.0369527
-0.024 0.102 0.037018
-0.024 0.108 0.0370833
-0.024 0.114 0.0371487
-0.024 0.12 0.0372142
-0.024 0.126 0.0372798
-0.024 0.132 0.0373454
-0.024 0.138 0.0374111
-0.024 0.144 0.0374768
-0.018 -0.15 0
-0.018 -0.144 0.0344364
-0.018 -0.138 0.0344968
-0.018 -0.132 0.0345574
-0.018 -0.126 0.0346181
-0.018 -0.12 0.0346789
-0.018 -0.114 0.0347399
-0.018 -0.108 0.0348011
-0.018 -0.102 0.0348624
-0.018 -0.096 0.0349238
-0.018 -0.09 0.0349854
-0.018 -0.084 0.0350472
-0.018 -0.078 0.0351091
-0.018 -0.072 0.0351711
-0.018 -0.066 0.0352332
-0.018 -0.06 0.0352955
-0.018 -0.054 0.035358
-0.018 -0.048 0.0354205
-0.018 -0.042 0.0354832
-0.018 -0.036 0.0355461
-0.018 -0.03 0.035609
-0.018 -0.024 0.0356721
-0.018 -0.018 0.0357353
-0.018 -0.012 0.0357987
-0.018 -0.006 0.0358621
-0.018 0 0.0359257
-0.018 0.006 0.0359894
-0.018 0.012 0.0360532
-0.018 0.018 0.0361171
-0.018 0.024 0.0361812
-0.018 0.03 0.0362453
-0.018 0.036 0.0363095
-0.018 0.042 0.0363739
-0.018 0.048 0.0364384
-0.018 0.054 0.0365029
-0.018 0.06 0.0365676
-0.018 0.066 0.0366323
-0.018 0.072 0.0366971
-0.018 0.078 0.0367621
-0.018 0.084 0.0368271
-0.018 0.09 0.0368922
-0.018 0.096 0.0369574
-0.018 0.102 0.0370226
-0.018 0.108 0.037088
-0.018 0.114 0.0371534
-0.018 0.12 0.0372189
-0.018 0.126 0.0372845
-0.018 0.132 0.0373501
-0.018 0.138 0.0374158
-0.018 0.144 0.0374815
-0.012 -0.15 0
-0.012 -0.144 0.0344395
-0.012 -0.138 0.0344999
-0.012 -0.132 0.0345605
-0.012 -0.126 0.0346212
-0.012 -0.12 0.034682
-0.012 -0.114 0.034743
-0.012 -0.108 0.0348042
-0.012 -0.102 0.0348655
-0.012 -0.096 0.034927
-0.012 -0.09 0.0349886
-0.012 -0.084 0.0350503
-0.012 -0.078 0.0351122
-0.012 -0.072 0.0351742
-0.012 -0.066 0.0352364
-0.012 -0.06 0.0352987
-0.012 -0.054 0.0353612
-0.012 -0.048 0.0354237
-0.012 -0.042 0.0354864
-0.012 -0.036 0.0355493
-0.012 -0.03 0.0356122
-0.012 -0.024 0.0356753
-0.012 -0.018 0.0357386
-0.012 -0.012 0.0358019
-0.012 -0.006 0.0358654
-0.012 0 0.0359289
-0.012 0.006 0.0359926
-0.012 0.012 0.0360565
-0.012 0.018 0.0361204
-0.012 0.024 0.0361844
-0.012 0.03 0.0362486
-0.012 0.036 0.0363128
-0.012 0.042 0.0363772
-0.012 0.048 0.0364416
-0.012 0.054 0.0365062
-0.012 0.06 0.0365709
-0.012 0.066 0.0366356
-0.012 0.072 0.0367004
-0.012 0.078 0.0367654
-0.012 0.084 0.0368304
-0.012 0.09 0.0368955
-0.012 0.096 0.0369607
-0.012 0.102 0.037026
-0.012 0.108 0.0370913
-0.012 0.114 0.0371567
-0.012 0.12 0.0372222
-0.012 0.126 0.0372878
-0.012 0.132 0.0373534
-0.012 0.138 0.0374191
-0.012 0.144 0.0374849
-0.006 -0.15 0
-0.006 -0.144 0.0344414
-0.006 -0.138 0.0345018
-0.006 -0.132 0.0345623
-0.006 -0.126 0.034623
-0.006 -0.12 0.0346839
-0.006 -0.114 0.0347449
-0.006 -0.108 0.0348061
-0.006 -0.102 0.0348674
-0.006 -0.096 0.0349289
-0.006 -0.09 0.0349905
-0.006 -0.084 0.0350522
-0.006 -0.078 0.0351141
-0.006 -0.072 0.0351761
-0.006 -0.066 0.0352383
-0.006 -0.06 0.0353006
-0.006 -0.054 0.0353631
-0.006 -0.048 0.0354256
-0.006 -0.042 0.0354884
-0.006 -0.036 0.0355512
-0.006 -0.03 0.0356142
-0.006 -0.024 0.0356773
-0.006 -0.018 0.0357405
-0.006 -0.012 0.0358038
-0.006 -0.006 0.0358673
-0.006 0 0.0359309
-0.006 0.006 0.0359946
-0.006 0.012 0.0360584
-0.006 0.018 0.0361223
-0.006 0.024 0.0361864
-0.006 0.03 0.0362505
-0.006 0.036 0.0363148
-0.006 0.042 0.0363791
-0.006 0.048 0.0364436
-0.006 0.054 0.0365082
-0.006 0.06 0.0365728
-0.006 0.066 0.0366376
-0.006 0.072 0.0367024
-0.006 0.078 0.0367674
-0.006 0.084 0.0368324
-0.006 0.09 0.0368975
-0.006 0.096 0.0369627
-0.006 0.102 0.037028
-0.006 0.108 0.0370933
-0.006 0.114 0.0371588
-0.006 0.12 0.0372243
-0.006 0.126 0.0372898
-0.006 0.132 0.0373555
-0.006 0.138 0.0374212
-0.006 0.144 0.0374869
0 -0.15 0
0 -0.144 0.034442
0 -0.138 0.0345024
0 -0.132 0.034563
0 -0.126 0.0346237
0 -0.12 0.0346845
0 -0.114 0.0347455
0 -0.108 0.0348067
0 -0.102 0.034868
0 -0.096 0.0349295
0 -0.09 0.0349911
0 -0.084 0.0350528
0 -0.078 0.0351147
0 -0.072 0.0351768
0 -0.066 0.0352389
0 -0.06 0.0353013
0 -0.054 0.0353637
0 -0.048 0.0354263
0 -0.042 0.035489
0 -0.036 0.0355518
0 -0.03 0.0356148
0 -0.024 0.0356779
0 -0.018 0.0357411
0 -0.012 0.0358045
0 -0.006 0.0358679
0 0 0.0359315
0 0.006 0.0359952
0 0.012 0.036059
0 0.018 0.036123
0 0.024 0.036187
0 0.03 0.0362512
0 0.036 0.0363154
0 0.042 0.0363798
0 0.048 0.0364443
0 0.054 0.0365088
0 0.06 0.0365735
0 0.066 0.0366382
0 0.072 0.0367031
0 0.078 0.036768
0 0.084 0.0368331
0 0.09 0.0368982
0 0.096 0.0369634
0 0.102 0.0370286
0 0.108 0.037094
0 0.114 0.0371594
0 0.12 0.0372249
0 0.126 0.0372905
0 0.132 0.0373561
0 0.138 0.0374218
0 0.144 0.0374876
0.006 -0.15 0
0.006 -0.144 0.0344414
0.006 -0.138 0.0345018
0.006 -0.132 0.0345623
0.006 -0.126 0.034623
0.006 -0.12 0.0346839
0.006 -0.114 0.0347449
0.006 -0.108 0.0348061
0.006 -0.102 0.0348674
0.006 -0.096 0.0349289
0.006 -0.09 0.0349905
0.006 -0.084 0.0350522
0.006 -0.078 0.0351141
0.006 -0.072 0.0351761
0.006 -0.066 0.0352383
0.006 -0.06 0.0353006
0.006 -0.054 0.0353631
0.006 -0.048 0.0354256
0.006 -0.042 0.0354884
0.006 -0.036 0.0355512
0.006 -0.03 0.0356142
0.006 -0.024 0.0356773
0.006 -0.018 0.0357405
0.006 -0.012 0.0358038
0.006 -0.006 0.0358673
0.006 0 0.0359309
0.006 0.006 0.0359946
0.006 0.012 0.0360584
0.006 0.018 0.0361223
0.006 0.024 0.0361864
0.006 0.03 0.0362505
0.006 0.036 0.0363148
0.006 0.042 0.0363791
0.006 0.048 0.0364436
0.006 0.054 0.0365082
0.006 0.06 0.0365728
0.006 0.066 0.0366376
0.006 0.072 0.0367024
0.006 0.078 0.0367674
0.006 0.084 0.0368324
0.006 0.09 0.0368975
0.006 0.096 0.0369627
0.006 0.102 0.037028
0.006 0.108 0.0370933
0.006 0.114 0.0371588
0.006 0.12 0.0372243
0.006 0.126 0.0372898
0.006 0.132 0.0373555
0.006 0.138 0.0374212
0.006 0.144 0.0374869
0.012 -0.15 0
0.012 -0.144 0.0344395
0.012 -0.138 0.0344999
0.012 -0.132 0.0345605
0.012 -0.126 0.0346212
0.012 -0.12 0.034682
0.012 -0.114 0.034743
0.012 -0.108 0.0348042
0.012 -0.102 0.0348655
0.012 -0.096 0.034927
0.012 -0.09 0.0349886
0.012 -0.084 0.0350503
0.012 -0.078 0.0351122
0.012 -0.072 0.0351742
0.012 -0.066 0.0352364
0.012 -0.06 0.0352987
0.012 -0.054 0.0353612
0.012 -0.048 0.0354237
0.012 -0.042 0.0354864
0.012 -0.036 0.0355493
0.012 -0.03 0.0356122
0.012 -0.024 0.0356753
0.012 -0.018 0.0357386
0.012 -0.012 0.0358019
0.012 -0.006 0.0358654
0.012 0 0.0359289
0.012 0.006 0.0359926
0.012 0.012 0.0360565
0.012 0.018 0.0361204
0.012 0.024 0.0361844
0.012 0.03 0.0362486
0.012 0.036 0.0363128
0.012 0.042 0.0363772
0.012 0.048 0.0364416
0.012 0.054 0.0365062
0.012 0.06 0.0365709
0.012 0.066 0.0366356
0.012 0.072 0.0367004
0.012 0.078 0.0367654
0.012 0.084 0.0368304
0.012 0.09 0.0368955
0.012 0.096 0.0369607
0.012 0.102 0.037026
0.012 0.108 0.0370913
0.012 0.114 0.0371567
0.012 0.12 0.0372222
0.012 0.126 0.0372878
0.012 0.132 0.0373534
0.012 0.138 0.0374191
0.012 0.144 0.0374849
0.018 -0.15 0
0.018 -0.144 0.0344364
0.018 -0.138 0.0344968
0.018 -0.132 0.0345574
0.018 -0.126 0.0346181
0.018 -0.12 0.0346789
0.018 -0.114 0.0347399
0.018 -0.108 0.0348011
0.018 -0.102 0.0348624
0.018 -0.096 0.0349238
0.018 -0.09 0.0349854
0.018 -0.084 0.0350472
0.018 -0.078 0.0351091
0.018 -0.072 0.0351711
0.018 -0.066 0.0352332
0.018 -0.06 0.0352955
0.018 -0.054 0.035358
0.018 -0.048 0.0354205
0.018 -0.042 0.0354832
0.018 -0.036 0.0355461
0.018 -0.03 0.035609
0.018 -0.024 0.0356721
0.018 -0.018 0.0357353
0.018 -0.012 0.0357987
0.018 -0.006 0.0358621
0.018 0 0.0359257
0.018 0.006 0.0359894
0.018 0.012 0.0360532
0.018 0.018 0.0361171
0.018 0.024 0.0361812
0.018 0.03 0.0362453
0.018 0.036 0.0363095
0.018 0.042 0.0363739
0.018 0.048 0.0364384
0.018 0.054 0.0365029
0.018 0.06 0.0365676
0.018 0.066 0.0366323
0.018 0.072 0.0366971
0.018 0.078 0.0367621
0.018 0.084 0.0368271
0.018 0.09 0.0368922
0.018 0.096 0.0369574
0.018 0.102 0.0370226
0.018 0.108 0.037088
0.018 0.114 0.0371534
0.018 0.12 0.0372189
0.018 0.126 0.0372845
0.018 0.132 0.0373501
0.018 0.138 0.0374158
0.018 0.144 0.0374815
0.024 -0.15 0
0.024 -0.144 0.0344321
0.024 -0.138 0.0344925
0.024 -0.132 0.034553
0.024 -0.126 0.0346137
0.024 -0.12 0.0346745
0.024 -0.114 0.0347355
0.024 -0.108 0.0347967
0.024 -0.102 0.034858
0.024 -0.096 0.0349194
0.024 -0.09 0.034981
0.024 -0.084 0.0350428
0.024 -0.078 0.0351046
0.024 -0.072 0.0351666
0.024 -0.066 0.0352288
0.024 -0.06 0.0352911
0.024 -0.054 0.0353535
0.024 -0.048 0.0354161
0.024 -0.042 0.0354788
0.024 -0.036 0.0355416
0.024 -0.03 0.0356046
0.024 -0.024 0.0356676
0.024 -0.018 0.0357308
0.024 -0.012 0.0357942
0.024 -0.006 0.0358576
0.024 0 0.0359212
0.024 0.006 0.0359849
0.024 0.012 0.0360487
0.024 0.018 0.0361126
0.024 0.024 0.0361766
0.024 0.03 0.0362407
0.024 0.036 0.036305
0.024 0.042 0.0363693
0.024 0.048 0.0364338
0.024 0.054 0.0364983
0.024 0.06 0.036563
0.024 0.066 0.0366277
0.024 0.072 0.0366925
0.024 0.078 0.0367574
0.024 0.084 0.0368225
0.024 0.09 0.0368875
0.024 0.096 0.0369527
0.024 0.102 0.037018
0.024 0.108 0.0370833
0.024 0.114 0.0371487
0.024 0.12 0.0372142
0.024 0.126 0.0372798
0.024 0.132 0.0373454
0.024 0.138 0.0374111
0.024 0.144 0.0374768
0.03 -0.15 0
0.03 -0.144 0.0344265
0.03 -0.138 0.0344869
0.03 -0.132 0.0345474
0.03 -0.126 0.0346081
0.03 -0.12 0.0346689
0.03 -0.114 0.0347299
0.03 -0.108 0.0347911
0.03 -0.102 0.0348523
0.03 -0.096 0.0349138
0.03 -0.09 0.0349754
0.03 -0.084 0.0350371
0.03 -0.078 0.0350989
0.03 -0.072 0.0351609
0.03 -0.066 0.0352231
0.03 -0.06 0.0352854
0.03 -0.054 0.0353478
0.03 -0.048 0.0354103
0.03 -0.042 0.035473
0.03 -0.036 0.0355358
0.03 -0.03 0.0355988
0.03 -0.024 0.0356619
0.03 -0.018 0.035725
0.03 -0.012 0.0357884
0.03 -0.006 0.0358518
0.03 0 0.0359154
0.03 0.006 0.035979
0.03 0.012 0.0360428
0.03 0.018 0.0361067
0.03 0.024 0.0361707
0.03 0.03 0.0362349
0.03 0.036 0.0362991
0.03 0.042 0.0363634
0.03 0.048 0.0364279
0.03 0.054 0.0364924
0.03 0.06 0.036557
0.03 0.066 0.0366218
0.03 0.072 0.0366866
0.03 0.078 0.0367515
0.03 0.084 0.0368165
0.03 0.09 0.0368816
0.03 0.096 0.0369467
0.03 0.102 0.037012
0.03 0.108 0.0370773
0.03 0.114 0.0371427
0.03 0.12 0.0372082
0.03 0.126 0.0372737
0.03 0.132 0.0373393
0.03 0.138 0.037405
0.03 0.144 0.0374707
0.036 -0.15 0
0.036 -0.144 0.0344197
0.036 -0.138 0.03448
0.036 -0.132 0.0345406
0.036 -0.126 0.0346012
0.036 -0.12 0.0346621
0.036 -0.114 0.034723
0.036 -0.108 0.0347842
0.036 -0.102 0.0348454
0.036 -0.096 0.0349069
0.036 -0.09 0.0349684
0.036 -0.084 0.0350301
0.036 -0.078 0.035092
0.036 -0.072 0.035154
0.036 -0.066 0.0352161
0.036 -0.06 0.0352784
0.036 -0.054 0.0353408
0.036 -0.048 0.0354033
0.036 -0.042 0.035466
0.036 -0.036 0.0355288
0.036 -0.03 0.0355917
0.036 -0.024 0.0356548
0.036 -0.018 0.035718
0.036 -0.012 0.0357813
0.036 -0.006 0.0358447
0.036 0 0.0359083
0.036 0.006 0.0359719
0.036 0.012 0.0360357
0.036 0.018 0.0360996
0.036 0.024 0.0361636
0.036 0.03 0.0362277
0.036 0.036 0.0362919
0.036 0.042 0.0363562
0.036 0.048 0.0364207
0.036 0.054 0.0364852
0.036 0.06 0.0365498
0.036 0.066 0.0366145
0.036 0.072 0.0366793
0.036 0.078 0.0367442
0.036 0.084 0.0368092
0.036 0.09 0.0368743
0.036 0.096 0.0369394
0.036 0.102 0.0370047
0.036 0.108 0.03707
0.036 0.114 0.0371354
0.036 0.12 0.0372008
0.036 0.126 0.0372663
0.036 0.132 0.0373319
0.036 0.138 0.0373976
0.036 0.144 0.0374633
0.042 -0.15 0
0.042 -0.144 0
0.042 -0.138 0.034472
0.042 -0.132 0.0345325
0.042 -0.126 0.0345931
0.042 -0.12 0.034654
0.042 -0.114 0.0347149
0.042 -0.108 0.034776
0.042 -0.102 0.0348373
0.042 -0.096 0.0348987
0.042 -0.09 0.0349602
0.042 -0.084 0.0350219
0.042 -0.078 0.0350838
0.042 -0.072 0.0351458
0.042 -0.066 0.0352079
0.042 -0.06 0.0352701
0.042 -0.054 0.0353325
0.042 -0.048 0.035395
0.042 -0.042 0.0354577
0.042 -0.036 0.0355205
0.042 -0.03 0.0355834
0.042 -0.024 0.0356464
0.042 -0.018 0.0357096
0.042 -0.012 0.0357729
0.042 -0.006 0.0358363
0.042 0 0.0358998
0.042 0.006 0.0359635
0.042 0.012 0.0360273
0.042 0.018 0.0360911
0.042 0.024 0.0361551
0.042 0.03 0.0362192
0.042 0.036 0.0362834
0.042 0.042 0.0363477
0.042 0.048 0.0364121
0.042 0.054 0.0364766
0.042 0.06 0.0365412
0.042 0.066 0.0366059
0.042 0.072 0.0366707
0.042 0.078 0.0367356
0.042 0.084 0.0368006
0.042 0.09 0.0368656
0.042 0.096 0.0369308
0.042 0.102 0.036996
0.042 0.108 0.0370613
0.042 0.114 0.0371267
0.042 0.12 0.0371921
0.042 0.126 0.0372576
0.042 0.132 0.0373232
0.042 0.138 0.0373888
0.042 0.144 0
0.048 -0.15 0
0.048 -0.144 0
0.048 -0.138 0.0344627
0.048 -0.132 0.0345232
0.048 -0.126 0.0345838
0.048 -0.12 0.0346446
0.048 -0.114 0.0347055
0.048 -0.108 0.0347666
0.048 -0.102 0.0348279
0.048 -0.096 0.0348893
0.048 -0.09 0.0349508
0.048 -0.084 0.0350125
0.048 -0.078 0.0350743
0.048 -0.072 0.0351363
0.048 -0.066 0.0351984
0.048 -0.06 0.0352606
0.048 -0.054 0.035323
0.048 -0.048 0.0353855
0.048 -0.042 0.0354481
0.048 -0.036 0.0355109
0.048 -0.03 0.0355738
0.048 -0.024 0.0356368
0.048 -0.018 0.0357
0.048 -0.012 0.0357632
0.048 -0.006 0.0358266
0.048 0 0.0358902
0.048 0.006 0.0359538
0.048 0.012 0.0360175
0.048 0.018 0.0360814
0.048 0.024 0.0361454
0.048 0.03 0.0362094
0.048 0.036 0.0362736
0.048 0.042 0.0363379
0.048 0.048 0.0364023
0.048 0.054 0.0364668
0.048 0.06 0.0365314
0.048 0.066 0.0365961
0.048 0.072 0.0366608
0.048 0.078 0.0367257
0.048 0.084 0.0367907
0.048 0.09 0.0368557
0.048 0.096 0.0369208
0.048 0.102 0.036986
0.048 0.108 0.0370513
0.048 0.114 0.0371166
0.048 0.12 0.0371821
0.048 0.126 0.0372476
0.048 0.132 0.0373131
0.048 0.138 0.0373787
0.048 0.144 0
0.054 -0.15 0
0.054 -0.144 0
0.054 -0.138 0.0344521
0.054 -0.132 0.0345126
0.054 -0.126 0.0345732
0.054 -0.12 0.034634
0.054 -0.114 0.0346949
0.054 -0.108 0.034756
0.054 -0.102 0.0348172
0.054 -0.096 0.0348786
0.054 -0.09 0.0349401
0.054 -0.084 0.0350018
0.054 -0.078 0.0350636
0.054 -0.072 0.0351255
0.054 -0.066 0.0351876
0.054 -0.06 0.0352498
0.054 -0.054 0.0353122
0.054 -0.048 0.0353747
0.054 -0.042 0.0354373
0.054 -0.036 0.0355
0.054 -0.03 0.0355629
0.054 -0.024 0.0356259
0.054 -0.018 0.0356891
0.054 -0.012 0.0357523
0.054 -0.006 0.0358157
0.054 0 0.0358792
0.054 0.006 0.0359428
0.054 0.012 0.0360065
0.054 0.018 0.0360704
0.054 0.024 0.0361343
0.054 0.03 0.0361984
0.054 0.036 0.0362625
0.054 0.042 0.0363268
0.054 0.048 0.0363912
0.054 0.054 0.0364556
0.054 0.06 0.0365202
0.054 0.066 0.0365849
0.054 0.072 0.0366496
0.054 0.078 0.0367145
0.054 0.084 0.0367794
0.054 0.09 0.0368444
0.054 0.096 0.0369095
0.054 0.102 0.0369747
0.054 0.108 0.03704
0.054 0.114 0.0371053
0.054 0.12 0.0371707
0.054 0.126 0.0372362
0.054 0.132 0.0373017
0.054 0.138 0.0373673
0.054 0.144 0
0.06 -0.15 0
0.06 -0.144 0
0.06 -0.138 0
0.06 -0.132 0.0345008
0.06 -0.126 0.0345614
0.06 -0.12 0.0346222
0.06 -0.114 0.0346831
0.06 -0.108 0.0347441
0.06 -0.102 0.0348053
0.06 -0.096 0.0348667
0.06 -0.09 0.0349282
0.06 -0.084 0.0349898
0.06 -0.078 0.0350516
0.06 -0.072 0.0351135
0.06 -0.066 0.0351756
0.06 -0.06 0.0352378
0.06 -0.054 0.0353001
0.06 -0.048 0.0353626
0.06 -0.042 0.0354252
0.06 -0.036 0.0354879
0.06 -0.03 0.0355508
0.06 -0.024 0.0356137
0.06 -0.018 0.0356769
0.06 -0.012 0.0357401
0.06 -0.006 0.0358034
0.06 0 0.0358669
0.06 0.006 0.0359305
0.06 0.012 0.0359942
0.06 0.018 0.036058
0.06 0.024 0.0361219
0.06 0.03 0.036186
0.06 0.036 0.0362501
0.06 0.042 0.0363144
0.06 0.048 0.0363787
0.06 0.054 0.0364432
0.06 0.06 0.0365077
0.06 0.066 0.0365724
0.06 0.072 0.0366371
0.06 0.078 0.0367019
0.06 0.084 0.0367668
0.06 0.09 0.0368318
0.06 0.096 0.0368969
0.06 0.102 0.0369621
0.06 0.108 0.0370273
0.06 0.114 0.0370926
0.06 0.12 0.037158
0.06 0.126 0.0372234
0.06 0.132 0.037289
0.06 0.138 0
0.06 0.144 0
0.066 -0.15 0
0.066 -0.144 0
0.066 -0.138 0
0.066 -0.132 0.0344878
0.066 -0.126 0.0345483
0.066 -0.12 0.0346091
0.066 -0.114 0.03467
0.066 -0.108 0.034731
0.066 -0.102 0.0347922
0.066 -0.096 0.0348535
0.066 -0.09 0.034915
0.066 -0.084 0.0349766
0.066 -0.078 0.0350383
0.066 -0.072 0.0351002
0.066 -0.066 0.0351623
0.066 -0.06 0.0352245
0.066 -0.054 0.0352868
0.066 -0.048 0.0353492
0.066 -0.042 0.0354118
0.066 -0.036 0.0354745
0.066 -0.03 0.0355373
0.066 -0.024 0.0356003
0.066 -0.018 0.0356634
0.066 -0.012 0.0357266
0.066 -0.006 0.0357899
0.066 0 0.0358534
0.066 0.006 0.0359169
0.066 0.012 0.0359806
0.066 0.018 0.0360444
0.066 0.024 0.0361083
0.066 0.03 0.0361723
0.066 0.036 0.0362364
0.066 0.042 0.0363006
0.066 0.048 0.036365
0.066 0.054 0.0364294
0.066 0.06 0.0364939
0.066 0.066 0.0365585
0.066 0.072 0.0366232
0.066 0.078 0.036688
0.066 0.084 0.0367529
0.066 0.09 0.0368179
0.066 0.096 0.0368829
0.066 0.102 0.0369481
0.066 0.108 0.0370133
0.066 0.114 0.0370786
0.066 0.12 0.0371439
0.066 0.126 0.0372094
0.066 0.132 0.0372749
0.066 0.138 0
0.066 0.144 0
0.072 -0.15 0
0.072 -0.144 0
0.072 -0.138 0
0.072 -0.132 0
0.072 -0.126 0.034534
0.072 -0.12 0.0345947
0.072 -0.114 0.0346556
0.072 -0.108 0.0347166
0.072 -0.102 0.0347778
0.072 -0.096 0.0348391
0.072 -0.09 0.0349005
0.072 -0.084 0.0349621
0.072 -0.078 0.0350238
0.072 -0.072 0.0350857
0.072 -0.066 0.0351477
0.072 -0.06 0.0352099
0.072 -0.054 0.0352722
0.072 -0.048 0.0353346
0.072 -0.042 0.0353971
0.072 -0.036 0.0354598
0.072 -0.03 0.0355226
0.072 -0.024 0.0355855
0.072 -0.018 0.0356486
0.072 -0.012 0.0357118
0.072 -0.006 0.0357751
0.072 0 0.0358385
0.072 0.006 0.0359021
0.072 0.012 0.0359657
0.072 0.018 0.0360295
0.072 0.024 0.0360933
0.072 0.03 0.0361573
0.072 0.036 0.0362214
0.072 0.042 0.0362856
0.072 0.048 0.0363499
0.072 0.054 0.0364143
0.072 0.06 0.0364788
0.072 0.066 0.0365434
0.072 0.072 0.0366081
0.072 0.078 0.0366729
0.072 0.084 0.0367377
0.072 0.09 0.0368027
0.072 0.096 0.0368677
0.072 0.102 0.0369328
0.072 0.108 0.036998
0.072 0.114 0.0370632
0.072 0.12 0.0371286
0.072 0.126 0.037194
0.072 0.132 0
0.072 0.138 0
0.072 0.144 0
0.078 -0.15 0
0.078 -0.144 0
0.078 -0.138 0
0.078 -0.132 0
0.078 -0.126 0.0345185
0.078 -0.12 0.0345792
0.078 -0.114 0.03464
0.078 -0.108 0.034701
0.078 -0.102 0.0347621
0.078 -0.096 0.0348234
0.078 -0.09 0.0348848
0.078 -0.084 0.0349464
0.078 -0.078 0.0350081
0.078 -0.072 0.0350699
0.078 -0.066 0.0351319
0.078 -0.06 0.035194
0.078 -0.054 0.0352563
0.078 -0.048 0.0353187
0.078 -0.042 0.0353812
0.078 -0.036 0.0354439
0.078 -0.03 0.0355066
0.078 -0.024 0.0355695
0.078 -0.018 0.0356326
0.078 -0.012 0.0356957
0.078 -0.006 0.035759
0.078 0 0.0358224
0.078 0.006 0.0358859
0.078 0.012 0.0359495
0.078 0.018 0.0360133
0.078 0.024 0.0360771
0.078 0.03 0.0361411
0.078 0.036 0.0362051
0.078 0.042 0.0362693
0.078 0.048 0.0363336
0.078 0.054 0.0363979
0.078 0.06 0.0364624
0.078 0.066 0.036527
0.078 0.072 0.0365916
0.078 0.078 0.0366564
0.078 0.084 0.0367212
0.078 0.09 0.0367861
0.078 0.096 0.0368511
0.078 0.102 0.0369162
0.078 0.108 0.0369813
0.078 0.114 0.0370466
0.078 0.12 0.0371119
0.078 0.126 0.0371772
0.078 0.132 0
0.078 0.138 0
0.078 0.144 0
0.084 -0.15 0
0.084 -0.144 0
0.084 -0.138 0
0.084 -0.132 0
0.084 -0.126 0
0.084 -0.12 0.0345624
0.084 -0.114 0.0346232
0.084 -0.108 0.0346841
0.084 -0.102 0.0347452
0.084 -0.096 0.0348065
0.084 -0.09 0.0348679
0.084 -0.084 0.0349294
0.084 -0.078 0.0349911
0.084 -0.072 0.0350529
0.084 -0.066 0.0351148
0.084 -0.06 0.0351769
0.084 -0.054 0.0352392
0.084 -0.048 0.0353015
0.084 -0.042 0.035364
0.084 -0.036 0.0354266
0.084 -0.03 0.0354894
0.084 -0.024 0.0355523
0.084 -0.018 0.0356153
0.084 -0.012 0.0356784
0.084 -0.006 0.0357416
0.084 0 0.035805
0.084 0.006 0.0358685
0.084 0.012 0.0359321
0.084 0.018 0.0359958
0.084 0.024 0.0360596
0.084 0.03 0.0361235
0.084 0.036 0.0361875
0.084 0.042 0.0362517
0.084 0.048 0.0363159
0.084 0.054 0.0363802
0.084 0.06 0.0364447
0.084 0.066 0.0365092
0.084 0.072 0.0365738
0.084 0.078 0.0366385
0.084 0.084 0.0367033
0.084 0.09 0.0367682
0.084 0.096 0.0368332
0.084 0.102 0.0368982
0.084 0.108 0.0369634
0.084 0.114 0.0370286
0.084 0.12 0.0370938
0.084 0.126 0
0.084 0.132 0
0.084 0.138 0
0.084 0.144 0
0.09 -0.15 0
0.09 -0.144 0
0.09 -0.138 0
0.09 -0.132 0
0.09 -0.126 0
0.09 -0.12 0
0.09 -0.114 0.0346051
0.09 -0.108 0.034666
0.09 -0.102 0.0347271
0.09 -0.096 0.0347883
0.09 -0.09 0.0348497
0.09 -0.084 0.0349112
0.09 -0.078 0.0349728
0.09 -0.072 0.0350346
0.09 -0.066 0.0350965
0.09 -0.06 0.0351586
0.09 -0.054 0.0352208
0.09 -0.048 0.0352831
0.09 -0.042 0.0353456
0.09 -0.036 0.0354081
0.09 -0.03 0.0354709
0.09 -0.024 0.0355337
0.09 -0.018 0.0355967
0.09 -0.012 0.0356598
0.09 -0.006 0.035723
0.09 0 0.0357863
0.09 0.006 0.0358497
0.09 0.012 0.0359133
0.09 0.018 0.035977
0.09 0.024 0.0360408
0.09 0.03 0.0361047
0.09 0.036 0.0361687
0.09 0.042 0.0362328
0.09 0.048 0.036297
0.09 0.054 0.0363613
0.09 0.06 0.0364257
0.09 0.066 0.0364902
0.09 0.072 0.0365547
0.09 0.078 0.0366194
0.09 0.084 0.0366842
0.09 0.09 0.036749
0.09 0.096 0.036814
0.09 0.102 0.036879
0.09 0.108 0.0369441
0.09 0.114 0.0370092
0.09 0.12 0
0.09 0.126 0
0.09 0.132 0
0.09 0.138 0
0.09 0.144 0
0.096 -0.15 0
0.096 -0.144 0
0.096 -0.138 0
0.096 -0.132 0
0.096 -0.126 0
0.096 -0.12 0
0.096 -0.114 0.0345858
0.096 -0.108 0.0346467
0.096 -0.102 0.0347077
0.096 -0.096 0.0347689
0.096 -0.09 0.0348302
0.096 -0.084 0.0348917
0.096 -0.078 0.0349533
0.096 -0.072 0.0350151
0.096 -0.066 0.0350769
0.096 -0.06 0.035139
0.096 -0.054 0.0352011
0.096 -0.048 0.0352634
0.096 -0.042 0.0353258
0.096 -0.036 0.0353884
0.096 -0.03 0.0354511
0.096 -0.024 0.0355139
0.096 -0.018 0.0355768
0.096 -0.012 0.0356399
0.096 -0.006 0.035703
0.096 0 0.0357663
0.096 0.006 0.0358297
0.096 0.012 0.0358933
0.096 0.018 0.0359569
0.096 0.024 0.0360207
0.096 0.03 0.0360845
0.096 0.036 0.0361485
0.096 0.042 0.0362125
0.096 0.048 0.0362767
0.096 0.054 0.036341
0.096 0.06 0.0364053
0.096 0.066 0.0364698
0.096 0.072 0.0365344
0.096 0.078 0.036599
0.096 0.084 0.0366637
0.096 0.09 0.0367285
0.096 0.096 0.0367934
0.096 0.102 0.0368584
0.096 0.108 0.0369235
0.096 0.114 0.0369886
0.096 0.12 0
0.096 0.126 0
0.096 0.132 0
0.096 0.138 0
0.096 0.144 0
0.102 -0.15 0
0.102 -0.144 0
0.102 -0.138 0
0.102 -0.132 0
0.102 -0.126 0
0.102 -0.12 0
0.102 -0.114 0
0.102 -0.108 0.0346261
0.102 -0.102 0.0346871
0.102 -0.096 0.0347483
0.102 -0.09 0.0348095
0.102 -0.084 0.034871
0.102 -0.078 0.0349325
0.102 -0.072 0.0349943
0.102 -0.066 0.0350561
0.102 -0.06 0.0351181
0.102 -0.054 0.0351802
0.102 -0.048 0.0352425
0.102 -0.042 0.0353049
0.102 -0.036 0.0353674
0.102 -0.03 0.03543
0.102 -0.024 0.0354928
0.102 -0.018 0.0355557
0.102 -0.012 0.0356187
0.102 -0.006 0.0356818
0.102 0 0.0357451
0.102 0.006 0.0358085
0.102 0.012 0.035872
0.102 0.018 0.0359356
0.102 0.024 0.0359993
0.102 0.03 0.0360631
0.102 0.036 0.036127
0.102 0.042 0.036191
0.102 0.048 0.0362552
0.102 0.054 0.0363194
0.102 0.06 0.0363837
0.102 0.066 0.0364481
0.102 0.072 0.0365127
0.102 0.078 0.0365773
0.102 0.084 0.036642
0.102 0.09 0.0367067
0.102 0.096 0.0367716
0.102 0.102 0.0368365
0.102 0.108 0.0369015
0.102 0.114 0
0.102 0.12 0
0.102 0.126 0
0.102 0.132 0
0.102 0.138 0
0.102 0.144 0
0.108 -0.15 0
0.108 -0.144 0
0.108 -0.138 0
0.108 -0.132 0
0.108 -0.126 0
0.108 -0.12 0
0.108 -0.114 0
0.108 -0.108 0
0.108 -0.102 0.0346653
0.108 -0.096 0.0347264
0.108 -0.09 0.0347876
0.108 -0.084 0.034849
0.108 -0.078 0.0349105
0.108 -0.072 0.0349722
0.108 -0.066 0.035034
0.108 -0.06 0.035096
0.108 -0.054 0.0351581
0.108 -0.048 0.0352203
0.108 -0.042 0.0352826
0.108 -0.036 0.0353451
0.108 -0.03 0.0354077
0.108 -0.024 0.0354704
0.108 -0.018 0.0355333
0.108 -0.012 0.0355963
0.108 -0.006 0.0356594
0.108 0 0.0357226
0.108 0.006 0.0357859
0.108 0.012 0.0358494
0.108 0.018 0.0359129
0.108 0.024 0.0359766
0.108 0.03 0.0360404
0.108 0.036 0.0361043
0.108 0.042 0.0361682
0.108 0.048 0.0362323
0.108 0.054 0.0362965
0.108 0.06 0.0363608
0.108 0.066 0.0364252
0.108 0.072 0.0364897
0.108 0.078 0.0365542
0.108 0.084 0.0366189
0.108 0.09 0.0366836
0.108 0.096 0.0367484
0.108 0.102 0.0368133
0.108 0.108 0
0.108 0.114 0
0.108 0.12 0
0.108 0.126 0
0.108 0.132 0
0.108 0.138 0
0.108 0.144 0
0.114 -0.15 0
0.114 -0.144 0
0.114 -0.138 0
0.114 -0.132 0
0.114 -0.126 0
0.114 -0.12 0
0.114 -0.114 0
0.114 -0.108 0
0.114 -0.102 0
0.114 -0.096 0.0347033
0.114 -0.09 0.0347645
0.114 -0.084 0.0348258
0.114 -0.078 0.0348873
0.114 -0.072 0.0349489
0.114 -0.066 0.0350107
0.114 -0.06 0.0350726
0.114 -0.054 0.0351347
0.114 -0.048 0.0351968
0.114 -0.042 0.0352591
0.114 -0.036 0.0353216
0.114 -0.03 0.0353841
0.114 -0.024 0.0354468
0.114 -0.018 0.0355096
0.114 -0.012 0.0355726
0.114 -0.006 0.0356356
0.114 0 0.0356988
0.114 0.006 0.0357621
0.114 0.012 0.0358255
0.114 0.018 0.035889
0.114 0.024 0.0359526
0.114 0.03 0.0360164
0.114 0.036 0.0360802
0.114 0.042 0.0361442
0.114 0.048 0.0362082
0.114 0.054 0.0362724
0.114 0.06 0.0363366
0.114 0.066 0.0364009
0.114 0.072 0.0364654
0.114 0.078 0.0365299
0.114 0.084 0.0365945
0.114 0.09 0.0366592
0.114 0.096 0.036724
0.114 0.102 0
0.114 0.108 0
0.114 0.114 0
0.114 0.12 0
0.114 0.126 0
0.114 0.132 0
0.114 0.138 0
0.114 0.144 0
0.12 -0.15 0
0.12 -0.144 0
0.12 -0.138 0
0.12 -0.132 0
0.12 -0.126 0
0.12 -0.12 0
0.12 -0.114 0
0.12 -0.108 0
0.12 -0.102 0
0.12 -0.096 0
0.12 -0.09 0
0.12 -0.084 0.0348014
0.12 -0.078 0.0348628
0.12 -0.072 0.0349244
0.12 -0.066 0.0349861
0.12 -0.06 0.035048
0.12 -0.054 0.03511
0.12 -0.048 0.0351721
0.12 -0.042 0.0352344
0.12 -0.036 0.0352968
0.12 -0.03 0.0353593
0.12 -0.024 0.0354219
0.12 -0.018 0.0354847
0.12 -0.012 0.0355476
0.12 -0.006 0.0356106
0.12 0 0.0356737
0.12 0.006 0.035737
0.12 0.012 0.0358004
0.12 0.018 0.0358638
0.12 0.024 0.0359274
0.12 0.03 0.0359911
0.12 0.036 0.0360549
0.12 0.042 0.0361188
0.12 0.048 0.0361828
0.12 0.054 0.0362469
0.12 0.06 0.0363111
0.12 0.066 0.0363754
0.12 0.072 0.0364398
0.12 0.078 0.0365043
0.12 0.084 0.0365688
0.12 0.09 0
0.12 0.096 0
0.12 0.102 0
0.12 0.108 0
0.12 0.114 0
0.12 0.12 0
0.12 0.126 0
0.12 0.132 0
0.12 0.138 0
0.12 0.144 0
0.126 -0.15 0
0.126 -0.144 0
0.126 -0.138 0
0.126 -0.132 0
0.126 -0.126 0
0.126 -0.12 0
0.126 -0.114 0
0.126 -0.108 0
0.126 -0.102 0
0.126 -0.096 0
0.126 -0.09 0
0.126 -0.084 0
0.126 -0.078 0.0348371
0.126 -0.072 0.0348986
0.126 -0.066 0.0349603
0.126 -0.06 0.0350221
0.126 -0.054 0.0350841
0.126 -0.048 0.0351462
0.126 -0.042 0.0352084
0.126 -0.036 0.0352707
0.126 -0.03 0.0353332
0.126 -0.024 0.0353958
0.126 -0.018 0.0354585
0.126 -0.012 0.0355214
0.126 -0.006 0.0355843
0.126 0 0.0356474
0.126 0.006 0.0357106
0.126 0.012 0.0357739
0.126 0.018 0.0358374
0.126 0.024 0.0359009
0.126 0.03 0.0359646
0.126 0.036 0.0360283
0.126 0.042 0.0360922
0.126 0.048 0.0361561
0.126 0.054 0.0362202
0.126 0.06 0.0362843
0.126 0.066 0.0363486
0.126 0.072 0.0364129
0.126 0.078 0.0364773
0.126 0.084 0
0.126 0.09 0
0.126 0.096 0
0.126 0.102 0
0.126 0.108 0
0.126 0.114 0
0.126 0.12 0
0.126 0.126 0
0.126 0.132 0
0.126 0.138 0
0.126 0.144 0
0.132 -0.15 0
0.132 -0.144 0
0.132 -0.138 0
0.132 -0.132 0
0.132 -0.126 0
0.132 -0.12 0
0.132 -0.114 0
0.132 -0.108 0
0.132 -0.102 0
0.132 -0.096 0
0.132 -0.09 0
0.132 -0.084 0
0.132 -0.078 0
0.132 -0.072 0
0.132 -0.066 0.0349333
0.132 -0.06 0.034995
0.132 -0.054 0.035057
0.132 -0.048 0.035119
0.132 -0.042 0.0351812
0.132 -0.036 0.0352435
0.132 -0.03 0.0353059
0.132 -0.024 0.0353684
0.132 -0.018 0.0354311
0.132 -0.012 0.0354939
0.132 -0.006 0.0355568
0.132 0 0.0356199
0.132 0.006 0.035683
0.132 0.012 0.0357463
0.132 0.018 0.0358096
0.132 0.024 0.0358731
0.132 0.03 0.0359367
0.132 0.036 0.0360004
0.132 0.042 0.0360642
0.132 0.048 0.0361281
0.132 0.054 0.0361921
0.132 0.06 0.0362562
0.132 0.066 0.0363204
0.132 0.072 0
0.132 0.078 0
0.132 0.084 0
0.132 0.09 0
0.132 0.096 0
0.132 0.102 0
0.132 0.108 0
0.132 0.114 0
0.132 0.12 0
0.132 0.126 0
0.132 0.132 0
0.132 0.138 0
0.132 0.144 0
0.138 -0.15 0
0.138 -0.144 0
0.138 -0.138 0
0.138 -0.132 0
0.138 -0.126 0
0.138 -0.12 0
0.138 -0.114 0
0.138 -0.108 0
0.138 -0.102 0
0.138 -0.096 0
0.138 -0.09 0
0.138 -0.084 0
0.138 -0.078 0
0.138 -0.072 0
0.138 -0.066 0
0.138 -0.06 0
0.138 -0.054 0.0350286
0.138 -0.048 0.0350906
0.138 -0.042 0.0351527
0.138 -0.036 0.0352149
0.138 -0.03 0.0352773
0.138 -0.024 0.0353398
0.138 -0.018 0.0354024
0.138 -0.012 0.0354652
0.138 -0.006 0.035528
0.138 0 0.035591
0.138 0.006 0.0356541
0.138 0.012 0.0357173
0.138 0.018 0.0357806
0.138 0.024 0.0358441
0.138 0.03 0.0359076
0.138 0.036 0.0359713
0.138 0.042 0.036035
0.138 0.048 0.0360989
0.138 0.054 0.0361628
0.138 0.06 0
0.138 0.066 0
0.138 0.072 0
0.138 0.078 0
0.138 0.084 0
0.138 0.09 0
0.138 0.096 0
0.138 0.102 0
0.138 0.108 0
0.138 0.114 0
0.138 0.12 0
0.138 0.126 0
0.138 0.132 0
0.138 0.138 0
0.138 0.144 0
0.144 -0.15 0
0.144 -0.144 0
0.144 -0.138 0
0.144 -0.132 0
0.144 -0.126 0
0.144 -0.12 0
0.144 -0.114 0
0.144 -0.108 0
0.144 -0.102 0
0.144 -0.096 0
0.144 -0.09 0
0.144 -0.084 0
0.144 -0.078 0
0.144 -0.072 0
0.144 -0.066 0
0.144 -0.06 0
0.144 -0.054 0
0.144 -0.048 0
0.144 -0.042 0.0351229
0.144 -0.036 0.0351851
0.144 -0.03 0.0352475
0.144 -0.024 0.0353099
0.144 -0.018 0.0353725
0.144 -0.012 0.0354352
0.144 -0.006 0.035498
0.144 0 0.0355609
0.144 0.006 0.035624
0.144 0.012 0.0356871
0.144 0.018 0.0357504
0.144 0.024 0.0358138
0.144 0.03 0.0358773
0.144 0.036 0.0359409
0.144 0.042 0
0.144 0.048 0
0.144 0.054 0
0.144 0.06 0
0.144 0.066 0
0.144 0.072 0
0.144 0.078 0
0.144 0.084 0
0.144 0.09 0
0.144 0.096 0
0.144 0.102 0
0.144 0.108 0
0.144 0.114 0
0.144 0.12 0
0.144 0.126 0
0.144 0.132 0
0.144 0.138 0
0.144 0.144 0
